序号,RGB
1,(1,253,203)
2,(2,232,102)
3,(4,82,157)
4,(4,101,180)
5,(5,155,54)
6,(5,211,161)
7,(7,19,134)
8,(7,73,50)
9,(9,128,223)
10,(10,149,225)
11,(11,87,214)
12,(11,141,85)
13,(12,151,204)
14,(13,245,154)
15,(15,118,229)
16,(16,164,82)
17,(16,215,221)
18,(18,213,89)
19,(19,193,147)
20,(20,209,123)
21,(24,22,166)
22,(24,150,116)
23,(24,209,62)
24,(25,99,62)
25,(27,134,164)
26,(28,172,39)
27,(29,13,166)
28,(29,128,245)
29,(30,92,114)
30,(30,202,69)
31,(30,225,169)
32,(31,201,93)
33,(32,31,106)
34,(33,100,102)
35,(33,100,116)
36,(33,167,78)
37,(34,190,155)
38,(34,192,146)
39,(37,51,241)
40,(37,119,93)
41,(38,107,107)
42,(38,253,38)
43,(39,138,47)
44,(42,33,113)
45,(42,62,100)
46,(42,79,94)
47,(42,100,7)
48,(44,64,234)
49,(45,30,217)
50,(45,97,154)
51,(45,159,247)
52,(46,180,203)
53,(52,169,199)
54,(53,48,100)
55,(54,33,191)
56,(56,127,91)
57,(62,32,169)
58,(66,189,233)
59,(67,13,165)
60,(67,65,148)
61,(67,139,207)
62,(68,224,29)
63,(69,108,178)
64,(73,207,179)
65,(75,85,255)
66,(75,166,11)
67,(75,192,198)
68,(76,82,33)
69,(77,186,101)
70,(77,189,155)
71,(78,2,11)
72,(78,14,135)
73,(78,208,143)
74,(80,65,147)
75,(84,126,194)
76,(85,72,236)
77,(86,91,9)
78,(87,150,181)
79,(88,27,53)
80,(92,41,174)
81,(92,50,83)
82,(92,93,140)
83,(93,195,160)
84,(94,171,107)
85,(94,242,160)
86,(95,149,110)
87,(97,37,103)
88,(101,40,196)
89,(101,182,230)
90,(105,210,197)
91,(109,160,70)
92,(110,30,166)
93,(113,2,253)
94,(114,90,27)
95,(115,25,109)
96,(115,194,33)
97,(120,4,144)
98,(120,236,121)
99,(122,134,218)
100,(122,148,81)
101,(123,3,231)
102,(125,122,241)
103,(128,161,1)
104,(129,207,115)
105,(130,12,155)
106,(131,89,246)
107,(131,109,85)
108,(133,96,96)
109,(133,134,49)
110,(133,210,30)
111,(135,250,114)
112,(136,180,193)
113,(137,138,25)
114,(137,225,223)
115,(142,173,126)
116,(143,58,116)
117,(143,124,25)
118,(145,174,196)
119,(146,10,109)
120,(146,231,181)
121,(148,214,20)
122,(154,238,119)
123,(155,1,89)
124,(155,132,238)
125,(162,233,216)
126,(162,240,107)
127,(167,172,185)
128,(168,125,219)
129,(171,157,67)
130,(172,117,49)
131,(173,172,19)
132,(175,139,176)
133,(178,45,227)
134,(178,68,154)
135,(181,117,74)
136,(182,151,138)
137,(183,68,128)
138,(185,124,221)
139,(187,43,32)
140,(187,107,143)
141,(187,136,17)
142,(188,190,225)
143,(188,239,112)
144,(189,144,70)
145,(189,250,234)
146,(190,24,57)
147,(190,106,144)
148,(190,127,185)
149,(191,184,152)
150,(191,202,120)
151,(192,130,40)
152,(192,190,11)
153,(193,45,191)
154,(193,53,19)
155,(194,87,71)
156,(197,243,119)
157,(199,68,246)
158,(199,241,142)
159,(200,140,102)
160,(202,10,70)
161,(204,166,159)
162,(206,18,33)
163,(207,63,219)
164,(209,94,217)
165,(210,53,190)
166,(210,126,21)
167,(212,54,178)
168,(212,144,63)
169,(214,181,124)
170,(218,122,238)
171,(221,34,87)
172,(222,110,12)
173,(223,170,244)
174,(224,239,67)
175,(225,145,175)
176,(225,217,131)
177,(226,244,176)
178,(227,250,146)
179,(228,64,173)
180,(229,120,153)
181,(229,246,217)
182,(230,57,105)
183,(230,141,90)
184,(231,244,189)
185,(235,191,250)
186,(239,174,21)
187,(239,174,231)
188,(240,0,249)
189,(241,207,71)
190,(241,236,5)
191,(243,145,243)
192,(244,176,119)
193,(246,120,44)
194,(247,91,25)
195,(247,243,60)
196,(248,191,234)
197,(250,131,201)
198,(251,39,131)
199,(254,18,84)
200,(254,135,7)
