序号,RGB
1,(0,20,39)
2,(0,20,82)
3,(0,20,125)
4,(0,20,168)
5,(0,20,211)
6,(0,20,254)
7,(0,63,39)
8,(0,63,82)
9,(0,63,125)
10,(0,63,168)
11,(0,63,211)
12,(0,63,254)
13,(0,106,39)
14,(0,106,82)
15,(0,106,125)
16,(0,106,168)
17,(0,106,211)
18,(0,106,254)
19,(0,149,39)
20,(0,149,82)
21,(0,149,125)
22,(0,149,168)
23,(0,149,211)
24,(0,149,254)
25,(0,192,39)
26,(0,192,82)
27,(0,192,125)
28,(0,192,168)
29,(0,192,211)
30,(0,192,254)
31,(0,235,39)
32,(0,235,82)
33,(0,235,125)
34,(0,235,168)
35,(0,235,211)
36,(0,235,254)
37,(43,20,39)
38,(43,20,82)
39,(43,20,125)
40,(43,20,168)
41,(43,20,211)
42,(43,20,254)
43,(43,63,39)
44,(43,63,82)
45,(43,63,125)
46,(43,63,168)
47,(43,63,211)
48,(43,63,254)
49,(43,106,39)
50,(43,106,82)
51,(43,106,125)
52,(43,106,168)
53,(43,106,211)
54,(43,106,254)
55,(43,149,39)
56,(43,149,82)
57,(43,149,125)
58,(43,149,168)
59,(43,149,211)
60,(43,149,254)
61,(43,192,39)
62,(43,192,82)
63,(43,192,125)
64,(43,192,168)
65,(43,192,211)
66,(43,192,254)
67,(43,235,39)
68,(43,235,82)
69,(43,235,125)
70,(43,235,168)
71,(43,235,211)
72,(43,235,254)
73,(86,20,39)
74,(86,20,82)
75,(86,20,125)
76,(86,20,168)
77,(86,20,211)
78,(86,20,254)
79,(86,63,39)
80,(86,63,82)
81,(86,63,125)
82,(86,63,168)
83,(86,63,211)
84,(86,63,254)
85,(86,106,39)
86,(86,106,82)
87,(86,106,125)
88,(86,106,168)
89,(86,106,211)
90,(86,106,254)
91,(86,149,39)
92,(86,149,82)
93,(86,149,125)
94,(86,149,168)
95,(86,149,211)
96,(86,149,254)
97,(86,192,39)
98,(86,192,82)
99,(86,192,125)
100,(86,192,168)
101,(86,192,211)
102,(86,192,254)
103,(86,235,39)
104,(86,235,82)
105,(86,235,125)
106,(86,235,168)
107,(86,235,211)
108,(86,235,254)
109,(129,20,39)
110,(129,20,82)
111,(129,20,125)
112,(129,20,168)
113,(129,20,211)
114,(129,20,254)
115,(129,63,39)
116,(129,63,82)
117,(129,63,125)
118,(129,63,168)
119,(129,63,211)
120,(129,63,254)
121,(129,106,39)
122,(129,106,82)
123,(129,106,125)
124,(129,106,168)
125,(129,106,211)
126,(129,106,254)
127,(129,149,39)
128,(129,149,82)
129,(129,149,125)
130,(129,149,168)
131,(129,149,211)
132,(129,149,254)
133,(129,192,39)
134,(129,192,82)
135,(129,192,125)
136,(129,192,168)
137,(129,192,211)
138,(129,192,254)
139,(129,235,39)
140,(129,235,82)
141,(129,235,125)
142,(129,235,168)
143,(129,235,211)
144,(129,235,254)
145,(172,20,39)
146,(172,20,82)
147,(172,20,125)
148,(172,20,168)
149,(172,20,211)
150,(172,20,254)
151,(172,63,39)
152,(172,63,82)
153,(172,63,125)
154,(172,63,168)
155,(172,63,211)
156,(172,63,254)
157,(172,106,39)
158,(172,106,82)
159,(172,106,125)
160,(172,106,168)
161,(172,106,211)
162,(172,106,254)
163,(172,149,39)
164,(172,149,82)
165,(172,149,125)
166,(172,149,168)
167,(172,149,211)
168,(172,149,254)
169,(172,192,39)
170,(172,192,82)
171,(172,192,125)
172,(172,192,168)
173,(172,192,211)
174,(172,192,254)
175,(172,235,39)
176,(172,235,82)
177,(172,235,125)
178,(172,235,168)
179,(172,235,211)
180,(172,235,254)
181,(215,20,39)
182,(215,20,82)
183,(215,20,125)
184,(215,20,168)
185,(215,20,211)
186,(215,20,254)
187,(215,63,39)
188,(215,63,82)
189,(215,63,125)
190,(215,63,168)
191,(215,63,211)
192,(215,63,254)
193,(215,106,39)
194,(215,106,82)
195,(215,106,125)
196,(215,106,168)
197,(215,106,211)
198,(215,106,254)
199,(215,149,39)
200,(215,149,82)
201,(215,149,125)
202,(215,149,168)
203,(215,149,211)
204,(215,149,254)
205,(215,192,39)
206,(215,192,82)
207,(215,192,125)
208,(215,192,168)
209,(215,192,211)
210,(215,192,254)
211,(215,235,39)
212,(215,235,82)
213,(215,235,125)
214,(215,235,168)
215,(215,235,211)
216,(215,235,254)
